角度
1：1：179（1到179）

theta-theta
1 至 9 列

  -13.6807  -13.6938  -13.7156  -13.7461  -13.7853  -13.8333  -13.8900  -13.9554  -14.0296

  10 至 18 列

  -14.1125  -14.2041  -14.3045  -14.4136  -14.5314  -14.6579  -14.7930  -14.9368  -15.0891

  19 至 27 列

  -15.2499  -15.4192  -15.5967  -15.7824  -15.9761  -16.1776  -16.3867  -16.6030  -16.8263

  28 至 36 列

  -17.0562  -17.2922  -17.5337  -17.7801  -18.0308  -18.2848  -18.5413  -18.7992  -19.0573

  37 至 45 列

  -19.3142  -19.5685  -19.8185  -20.0625  -20.2986  -20.5248  -20.7389  -20.9389  -21.1225

  46 至 54 列

  -21.2875  -21.4320  -21.5540  -21.6518  -21.7239  -21.7691  -21.7867  -21.7761  -21.7372

  55 至 63 列

  -21.6703  -21.5759  -21.4549  -21.3086  -21.1383  -20.9456  -20.7322  -20.5000  -20.2509

  64 至 72 列

  -19.9869  -19.7097  -19.4214  -19.1238  -18.8187  -18.5077  -18.1925  -17.8745  -17.5552

  73 至 81 列

  -17.2358  -16.9175  -16.6014  -16.2883  -15.9792  -15.6747  -15.3755  -15.0822  -14.7951

  82 至 90 列

  -14.5146  -14.2410  -13.9743  -13.7146  -13.4620  -13.2161  -12.9768  -12.7438  -12.5165

  91 至 99 列

  -12.2944  -12.0766  -11.8625  -11.6510  -11.4410  -11.2312  -11.0204  -10.8069  -10.5894

  100 至 108 列

  -10.3661  -10.1353   -9.8956   -9.6452   -9.3827   -9.1069   -8.8167   -8.5114   -8.1906

  109 至 117 列

   -7.8540   -7.5020   -7.1350   -6.7541   -6.3601   -5.9546   -5.5388   -5.1145   -4.6832

  118 至 126 列

   -4.2464   -3.8059   -3.3630   -2.9191   -2.4756   -2.0337   -1.5943   -1.1584   -0.7270

  127 至 135 列

   -0.3006    0.1200    0.5343    0.9419    1.3424    1.7354    2.1207    2.4980    2.8671

  136 至 144 列

    3.2280    3.5804    3.9244    4.2598    4.5867    4.9049    5.2145    5.5154    5.8078

  145 至 153 列

    6.0915    6.3667    6.6333    6.8913    7.1410    7.3821    7.6149    7.8393    8.0554

  154 至 162 列

    8.2632    8.4628    8.6542    8.8374    9.0126    9.1796    9.3387    9.4897    9.6328

  163 至 171 列

    9.7679    9.8952   10.0146   10.1262   10.2299   10.3259   10.4141   10.4945   10.5673

  172 至 179 列

   10.6323   10.6896   10.7393   10.7813   10.8157   10.8424   10.8615   10.8729

*************************************
phi-phi
1 至 9 列

  -13.6821  -13.6992  -13.7276  -13.7673  -13.8183  -13.8803  -13.9531  -14.0366  -14.1305

  10 至 18 列

  -14.2342  -14.3475  -14.4696  -14.5997  -14.7370  -14.8801  -15.0278  -15.1783  -15.3296

  19 至 27 列

  -15.4792  -15.6243  -15.7619  -15.8882  -15.9996  -16.0920  -16.1612  -16.2035  -16.2153

  28 至 36 列

  -16.1938  -16.1369  -16.0438  -15.9145  -15.7505  -15.5538  -15.3277  -15.0757  -14.8018

  37 至 45 列

  -14.5099  -14.2041  -13.8879  -13.5648  -13.2378  -12.9094  -12.5818  -12.2570  -11.9366

  46 至 54 列

  -11.6217  -11.3135  -11.0128  -10.7202  -10.4364  -10.1616   -9.8963   -9.6407   -9.3950

  55 至 63 列

   -9.1593   -8.9337   -8.7185   -8.5135   -8.3189   -8.1348   -7.9612   -7.7982   -7.6458

  64 至 72 列

   -7.5042   -7.3735   -7.2537   -7.1450   -7.0475   -6.9615   -6.8871   -6.8247   -6.7743

  73 至 81 列

   -6.7364   -6.7113   -6.6994   -6.7011   -6.7169   -6.7473   -6.7929   -6.8544   -6.9327

  82 至 90 列

   -7.0284   -7.1425   -7.2762   -7.4305   -7.6067   -7.8064   -8.0311   -8.2826   -8.5629

  91 至 99 列

   -8.8740   -9.2184   -9.5982  -10.0159  -10.4732  -10.9714  -11.5100  -12.0855  -12.6888

  100 至 108 列

  -13.3019  -13.8931  -14.4115  -14.7872  -14.9426  -14.8195  -14.4081  -13.7523  -12.9265

  109 至 117 列

  -12.0056  -11.0474  -10.0896   -9.1547   -8.2541   -7.3929   -6.5726   -5.7922   -5.0502

  118 至 126 列

   -4.3442   -3.6720   -3.0311   -2.4194   -1.8348   -1.2755   -0.7396   -0.2258    0.2675

  127 至 135 列

    0.7414    1.1972    1.6358    2.0581    2.4651    2.8574    3.2358    3.6008    3.9531

  136 至 144 列

    4.2932    4.6215    4.9386    5.2447    5.5403    5.8257    6.1012    6.3671    6.6237

  145 至 153 列

    6.8712    7.1099    7.3399    7.5615    7.7749    7.9801    8.1774    8.3670    8.5489

  154 至 162 列

    8.7232    8.8902    9.0499    9.2024    9.3478    9.4862    9.6176    9.7422    9.8601

  163 至 171 列

    9.9712   10.0757   10.1736   10.2649   10.3498   10.4282   10.5002   10.5658   10.6250

  172 至 179 列

   10.6780   10.7247   10.7651   10.7992   10.8271   10.8488   10.8643   10.8736