角度
1：1：179（1到179）

theta-theta
1 至 9 列

   12.8563   13.1891   13.6803   14.2536   14.8314   15.3469   15.7500   16.0071   16.0997

  10 至 18 列

   16.0225   15.7836   15.4066   14.9342   14.4310   13.9794   13.6617   13.5305   13.5860

  19 至 27 列

   13.7818   14.0502   14.3269   14.5605   14.7132   14.7581   14.6787   14.4711   14.1506

  28 至 36 列

   13.7608   13.3823   13.1246   13.0862   13.2935   13.6789   14.1240   14.5173   14.7810

  37 至 45 列

   14.8706   14.7677   14.4750   14.0201   13.4670   12.9325   12.5816   12.5630   12.9035

  46 至 54 列

   13.4829   14.1255   14.6884   15.0840   15.2671   15.2213   14.9551   14.5108   13.9855

  55 至 63 列

   13.5473   13.3969   13.6380   14.1805   14.8190   15.3678   15.7107   15.7874   15.5728

  64 至 72 列

   15.0712   14.3323   13.4962   12.8411   12.6981   13.1512   13.9316   14.7010   15.2475

  73 至 81 列

   15.4722   15.3354   14.8313   14.0036   13.0145   12.2538   12.2279   13.0006   14.0940

  82 至 90 列

   15.0584   15.6783   15.8729   15.6107   14.8836   13.7409   12.4307   11.6291   12.0436

  91 至 99 列

   13.3248   14.6446   15.5781   15.9968   15.8627   15.1559   13.8934   12.3026   11.2643

  100 至 108 列

   11.9003   13.6167   15.2385   16.3254   16.7936   16.6234   15.7786   14.2093   12.0215

  109 至 117 列

   10.2794   11.0453   13.2809   15.1557   16.2558   16.5641   16.0607   14.6402   12.1122

  118 至 126 列

    8.8330    8.8430   12.3769   15.2317   16.9605   17.7430   17.6655   16.6855   14.6026

  127 至 135 列

   11.0559    7.3962   10.2413   14.1516   16.5279   17.6782   17.7919   16.8346   14.4626

  136 至 144 列

    9.4293   -2.7742    9.3489   14.9186   17.6958   19.0170   19.2383   18.3744   16.1161

  145 至 153 列

   11.2777   -6.5241    9.5832   15.7325   18.6238   19.9367   20.0721   19.0410   16.5347

  154 至 162 列

   11.9528   10.3241   15.8073   19.4942   21.4971   22.2737   21.9508   20.4363   17.6083

  163 至 171 列

   15.4979   18.5852   22.2537   24.5930   25.7242   25.7295   24.5558   22.6389   23.6451

  172 至 179 列

   28.1385   32.2092   35.3194   37.6753   39.4486   40.7471   41.6365   42.1563
*************************************
phi-phi
1 至 9 列

   12.7787   12.8958   13.0785   13.3101   13.5710   13.8409   14.1011   14.3356   14.5322

  10 至 18 列

   14.6826   14.7826   14.8318   14.8335   14.7944   14.7237   14.6327   14.5335   14.4375

  19 至 27 列

   14.3541   14.2891   14.2441   14.2165   14.2007   14.1888   14.1729   14.1462   14.1042

  28 至 36 列

   14.0451   13.9709   13.8865   13.7995   13.7188   13.6531   13.6089   13.5891   13.5921

  37 至 45 列

   13.6126   13.6429   13.6747   13.7018   13.7211   13.7336   13.7442   13.7609   13.7929

  46 至 54 列

   13.8480   13.9309   14.0408   14.1722   14.3155   14.4598   14.5947   14.7128   14.8105

  55 至 63 列

   14.8882   14.9496   15.0008   15.0477   15.0948   15.1428   15.1885   15.2249   15.2429

  64 至 72 列

   15.2333   15.1891   15.1070   14.9887   14.8413   14.6760   14.5067   14.3471   14.2068

  73 至 81 列

   14.0892   13.9915   13.9071   13.8295   13.7572   13.6964   13.6615   13.6712   13.7420

  82 至 90 列

   13.8804   14.0787   14.3157   14.5634   14.7952   14.9909   15.1405   15.2436   15.3081

  91 至 99 列

   15.3460   15.3691   15.3838   15.3881   15.3714   15.3176   15.2108   15.0410   14.8099

  100 至 108 列

   14.5354   14.2533   14.0123   13.8611   13.8278   13.9065   14.0619   14.2484   14.4305

  109 至 117 列

   14.5939   14.7463   14.9093   15.1047   15.3395   15.5979   15.8444   16.0355   16.1319

  118 至 126 列

   16.1084   15.9594   15.7045   15.3909   15.0898   14.8763   14.7938   14.8279   14.9157

  127 至 135 列

   14.9852   14.9929   14.9473   14.9138   14.9953   15.2748   15.7485   16.3192   16.8545

  136 至 144 列

   17.2437   17.4195   17.3594   17.0901   16.7032   16.3642   16.2641   16.4835   16.9086

  145 至 153 列

   17.3223   17.5381   17.4522   17.0587   16.5048   16.1800   16.5676   17.6812   19.0287

  154 至 162 列

   20.1725   20.9007   21.1256   20.8106   19.9870   18.9361   18.5494   19.6955   21.6934

  163 至 171 列

   23.5266   24.7949   25.3762   25.1678   23.9866   21.6636   20.0713   23.8374   28.5486

  172 至 179 列

   32.2002   34.9926   37.1623   38.8548   40.1586   41.1291   41.8013   42.1968