角度
1：1：179（1到179）

*************************************

RCS(phi-phi)

1 至 9 列

   12.7787   12.8958   13.0785   13.3101   13.5710   13.8409   14.1011   14.3356   14.5322

  10 至 18 列

   14.6826   14.7826   14.8318   14.8335   14.7944   14.7237   14.6327   14.5335   14.4375

  19 至 27 列

   14.3541   14.2891   14.2441   14.2165   14.2007   14.1888   14.1729   14.1462   14.1042

  28 至 36 列

   14.0451   13.9709   13.8865   13.7995   13.7188   13.6531   13.6089   13.5891   13.5921

  37 至 45 列

   13.6126   13.6429   13.6747   13.7018   13.7211   13.7336   13.7442   13.7609   13.7929

  46 至 54 列

   13.8480   13.9309   14.0408   14.1722   14.3155   14.4598   14.5947   14.7128   14.8105

  55 至 63 列

   14.8882   14.9496   15.0008   15.0477   15.0948   15.1428   15.1885   15.2249   15.2429

  64 至 72 列

   15.2333   15.1891   15.1070   14.9887   14.8413   14.6760   14.5067   14.3471   14.2068

  73 至 81 列

   14.0892   13.9915   13.9071   13.8295   13.7572   13.6964   13.6615   13.6712   13.7420

  82 至 90 列

   13.8804   14.0787   14.3157   14.5634   14.7952   14.9909   15.1405   15.2436   15.3081

  91 至 99 列

   15.3460   15.3691   15.3838   15.3881   15.3714   15.3176   15.2108   15.0410   14.8099

  100 至 108 列

   14.5354   14.2533   14.0123   13.8611   13.8278   13.9065   14.0619   14.2484   14.4305

  109 至 117 列

   14.5939   14.7463   14.9093   15.1047   15.3395   15.5979   15.8444   16.0355   16.1319

  118 至 126 列

   16.1084   15.9594   15.7045   15.3909   15.0898   14.8763   14.7938   14.8279   14.9157

  127 至 135 列

   14.9852   14.9929   14.9473   14.9138   14.9953   15.2748   15.7485   16.3192   16.8545

  136 至 144 列

   17.2437   17.4195   17.3594   17.0901   16.7032   16.3642   16.2641   16.4835   16.9086

  145 至 153 列

   17.3223   17.5381   17.4522   17.0587   16.5048   16.1800   16.5676   17.6812   19.0287

  154 至 162 列

   20.1725   20.9007   21.1256   20.8106   19.9870   18.9361   18.5494   19.6955   21.6934

  163 至 171 列

   23.5266   24.7949   25.3762   25.1678   23.9866   21.6636   20.0713   23.8374   28.5486

  172 至 179 列

   32.2002   34.9926   37.1623   38.8548   40.1586   41.1291   41.8013   42.1968