角度
1：1：179（1到179）

theta-theta
 
 1 至 9 列

   20.8447   20.0866   18.7566   16.7276   13.7404    9.2132    1.9831    0.8323    5.7361

  10 至 18 列

    7.7444    7.8514    6.4633    4.2682    4.6910    8.1707   11.2296   13.2750   14.4494

  19 至 27 列

   14.8709   14.5764   13.5176   11.5292    8.2450    3.3272    2.2056    6.6818    9.7323

  28 至 36 列

   11.3938   12.0949   12.0730   11.4999   10.5967    9.7229    9.2669    9.2511    9.2585

  37 至 45 列

    8.7984    7.4141    4.3591   -3.1896   -6.3695    4.6946    9.3142   11.9636   13.4956

  46 至 54 列

   14.1997   14.1700   13.3816   11.6712    8.5876    2.7577   -3.5891    5.1468    9.6981

  55 至 63 列

   12.1809   13.5226   14.0586   13.9205   13.1367   11.6484    9.2699    5.5250   -0.9081

  64 至 72 列

   -4.8861    2.3837    6.4715    8.9725   10.6793   11.9069   12.7791   13.3239   13.5158

  73 至 81 列

   13.2936   12.5576   11.1376    8.6924    4.3251   -6.1543   -1.6545    5.7277    9.1298

  82 至 90 列

   10.8864   11.5681   11.3301   10.1183    7.6668    3.6381    1.8747    6.5096   10.3035

  91 至 99 列

   12.6976   14.1091   14.7606   14.7467   14.0814   12.7133   10.5376    7.5397    4.8566

  100 至 108 列

    5.4556    7.7118    9.2934    9.8762    9.4532    7.8906    4.7590   -0.3767    0.4739

  109 至 117 列

    5.8491    9.1953   11.1309   12.0960   12.2797   11.7453   10.4787    8.4306    5.7167

  118 至 126 列

    3.5355    4.0137    5.7639    6.9555    7.2032    6.4177    4.3767    0.4629   -5.5070

  127 至 135 列

   -1.9974    2.9844    5.7275    7.1309    7.6409    7.5461    7.1821    7.0085    7.3615

  136 至 144 列

    8.0898    8.7656    9.0728    8.8730    8.1801    7.2641    6.8356    7.5135    8.8210

  145 至 153 列

    9.9261   10.3806    9.9267    8.1786    4.0007  -11.8142    2.3304    9.3838   12.9998

  154 至 162 列

   15.0731   16.0907   16.1870   15.3287   13.4324   11.2391   12.4277   16.1966   19.3380

  163 至 171 列

   21.4771   22.7258   23.1151   22.5117   20.4340   15.0050    4.4438   20.4353   26.5548

  172 至 179 列

   30.4683   33.3111   35.4781   37.1540   38.4393   39.3936   40.0537   40.4417

************************************
phi-phi

  1 至 9 列

   20.9303   20.4412   19.6053   18.3873   16.7274   14.5233   11.5885    7.5321    1.2805

  10 至 18 列

  -11.9213   -4.8190   -0.1283    1.4230    1.8768    2.4254    3.7999    5.6810    7.4395

  19 至 27 列

    8.7814    9.6412   10.0261    9.9554    9.4466    8.5221    7.2388    5.7645    4.4894

  28 至 36 列

    3.9300    4.1804    4.7902    5.3307    5.6178    5.6193    5.3662    4.9095    4.2960

  37 至 45 列

    3.5499    2.6729    1.6912    0.7916    0.4967    1.3492    3.0967    5.0473    6.7953

  46 至 54 列

    8.2133    9.2847   10.0244   10.4528   10.5893   10.4523   10.0643    9.4606    8.7073

  55 至 63 列

    7.9252    7.3003    7.0286    7.1829    7.6503    8.2341    8.7728    9.1719    9.3859

  64 至 72 列

    9.3969    9.2031    8.8162    8.2679    7.6239    7.0023    6.5696    6.4771    6.7549

  73 至 81 列

    7.2882    7.9101    8.4903    8.9584    9.2911    9.4973    9.6095    9.6774    9.7599

  82 至 90 列

    9.9094   10.1533   10.4820   10.8539   11.2125   11.5038   11.6849   11.7266   11.6134

  91 至 99 列

   11.3434   10.9317   10.4162    9.8643    9.3707    9.0308    8.8913    8.9173    9.0126

  100 至 108 列

    9.0744    9.0352    8.8857    8.6913    8.5985    8.7894    9.3554   10.2072   11.1480

  109 至 117 列

   11.9996   12.6492   13.0368   13.1347   12.9376   12.4689   11.8085   11.1417   10.7718

  118 至 126 列

   10.9514   11.6194   12.4672   13.2136   13.7027   13.8668   13.6854   13.1721   12.3967

  127 至 135 列

   11.5445   10.9664   11.0167   11.6766   12.5820   13.4011   13.9722   14.2500   14.2545

  136 至 144 列

   14.0582   13.7959   13.6607   13.8309   14.3427   15.0612   15.7924   16.3819   16.7325

  145 至 153 列

   16.7839   16.4945   15.8388   14.8393   13.6847   12.9470   13.3612   14.7777   16.3971

  154 至 162 列

   17.7368   18.6536   19.1448   19.2834   19.2448   19.3528   19.9598   21.1047   22.4589

  163 至 171 列

   23.6608   24.4815   24.7749   24.3931   23.1073   20.5994   18.0172   21.3351   26.3680

  172 至 179 列

   30.2039   33.0923   35.3169   37.0435   38.3697   39.3550   40.0366   40.4375