角度
1：1：179（1到179）


**********************************
RCS（phi-phi）

  1 至 9 列

   18.2237   18.3294   18.4956   18.7083   18.9505   19.2037   19.4496   19.6717   19.8556

  10 至 18 列

   19.9900   20.0659   20.0773   20.0200   19.8919   19.6921   19.4214   19.0816   18.6757

  19 至 27 列

   18.2082   17.6848   17.1128   16.5012   15.8600   15.1999   14.5318   13.8656   13.2095

  28 至 36 列

   12.5705   11.9545   11.3675   10.8163   10.3095    9.8565    9.4674    9.1520    8.9203

  37 至 45 列

    8.7837    8.7552    8.8468    9.0643    9.4014    9.8365   10.3360   10.8601   11.3706

  46 至 54 列

   11.8348   12.2270   12.5281   12.7240   12.8039   12.7590   12.5804   12.2582   11.7795

  55 至 63 列

   11.1266   10.2735    9.1807    7.7876    5.9990    3.6779    0.7548   -1.7506   -0.5647

  64 至 72 列

    2.8498    5.9353    8.4266   10.4628   12.1646   13.6114   14.8539   15.9254   16.8478

  73 至 81 列

   17.6364   18.3016   18.8506   19.2886   19.6188   19.8431   19.9619   19.9746   19.8789

  82 至 90 列

   19.6708   19.3446   18.8915   18.2992   17.5501   16.6191   15.4693   14.0469   12.2737

  91 至 99 列

   10.0510    7.3634    4.9558    5.2140    7.8382   10.5433   12.7589   14.5247   15.9349

  100 至 108 列

   17.0609   17.9509   18.6365   19.1386   19.4709   19.6417   19.6552   19.5122   19.2095

  109 至 117 列

   18.7393   18.0870   17.2281   16.1213   14.6964   12.8274   10.2638    6.4055   -0.8546

  118 至 126 列

   -6.2858    4.2479    8.9605   11.8558   13.8336   15.2203   16.1636   16.7372   16.9781

  127 至 135 列

   16.9043   16.5268   15.8657   14.9837   14.0488   13.3948   13.3880   14.0475   15.0173

  136 至 144 列

   15.9454   16.6490   17.0641   17.1836   17.0296   16.6453   16.0924   15.4394   14.7283

  145 至 153 列

   13.9286   12.9118   11.4826    9.5735    8.2389   10.0173   13.5004   16.5794   18.9388

  154 至 162 列

   20.6611   21.8379   22.5321   22.7887   22.6554   22.2177   21.6545   21.2648   21.3144

  163 至 171 列

   21.7389   22.1613   22.1613   21.3295   19.0465   14.2356   15.6058   23.0500   27.9979

  172 至 179 列

   31.5274   34.2061   36.2955   37.9337   39.2011   40.1477   40.8049   41.1921